 

 

 

 

 

 

68 F. LINDHOLM,
d 1 s Χ F2 4 ,1ε J 03⁷3„ J ObS 1Οέ ²Ca10 ’ diff.
4 55 123 log. Jz = 1980 -— 01672 Fz E. M. = ὲ Ο.ΟΟ9
1.26 575 576 1762 1769 — 7
134 510 573 1758 1756 4 2
187 460 462 1665 1667 — 2
259 360 362 1559 1547 4 12
385 213 214 1330 1336 - 6
4 60 53 Iog 215 = 1521 — 01590 ΡΖ Ε. M. = ss0002
1.26 207 208 1318 1321 - 3
133 204 205 1312 1310 4 2
184 169 17.0 1230 1229 4 1
255 130 131 1117 1116 4 1
381 82 82 (1915 0916 — 1
-1- 60 123 log. J2 = 1929 - 01694 ΡΖ Ε. Μ. = ss0.007
1.26 510 513 1710 1716 - 4
134 505 508 1706 1702 4 4
187 406 408 1.611 1.613 - 2
259 313 315 1498 1489 4 9
386 186 18.7 1272 1.278 -— 6
—1- 65 53 Iog. Jz = 1466 - Ο.1645 ΕΖ ,Ε M. = 1090ss
1.26 183 184 1265 1259 ÷ 6
133 17,6 17.7 1248 1.247 -1- 1
184 144 145 1161 1164 — 3
255 108 109 1037 1047 - 10
381 7.Ο 7.Ο 0845 0840 ÷ 5
÷ 65 123 log. J Ξ 1866 - 01709 Fz E. M. = ss0.007
1.26 438 441 1.644 1650 - 6
134 434 436 1639 1.637 4 2
187 349 351 1545 1546 - 1
259 269 271 1433 1423 4 10
386 158 , 159 1201 1206 - 5
4 70 123 log. J :1811 - Ο.1721 Fz Ε. M. = 220005
1.26 385 387 1588 1594 — 6
134 383 385 1585 1580 4 5
187 306 308 1489 1489 Ο
280 232 233 1367 1363 4 4
387 138 139 1143 1045 4 2
÷ 75 123 log. 1Ῑῖ z 1749 - 0.1726 Fz E. M. = ss0.006
126 334 336 1526 1532 — 6
134 330 332 1521 1518 4 3
187 264 266 1425 1426 — 1
260 202 203 1308 1300 4 8
388 119 119 1076 1080 - 4

 

 

 

 

 

 

