[ό
[Q

N. (J. DUNfflz,

M. mesi 111 (10 10 1111111110 11110 001110101100 51111 »1Ἠ15101111 110-
111101Ιο 0 1Ἤῐ11νο15110 111115οΙ0 011 (1011111 (111 XVHP 510010».

ΛΠ111105 0010, Μ. 10 mmmmm, 5’·(1(11105501110 11011115 1110105105, 1110-
1101100 00 (1150011115.-

Νο110 5001100 5010111101Ιο 11110 (1 50 fin. Nous venons d'e'woquer
1105 11110805 1111 110550 01 (10 1011110101 comment s’est 10111100 1101110 So-
01010, 001111110111, 50115 10 1111010011011 (10 1105 11015 01 811000 ἐι 1’01(10 des
111511111110115 5001115, 0110 a 0110100 5011 0011ν110 0 11011015 105 0805 011
1110111 110 10 1101110 01 (10 10 50101100. En jetant 1111 11080111 1011051100111
5111 ret-,at 011 50 1101111011 10 50101100 11 y 0 deux 001115 0115, 110115 avons
1111 110115 101110 11110 1(100 1105 11108105 10011505, 1111081105 011Χ1111015 0111
00011010, 110115 la 1110511110 (10 1011115 101005, 110110 8001010 015051110111111105.

Mais 105 10111105 110 50111 1105 11111111101110111 (105 10105 001111110111010-
rives. Νο5 10801115 50 1101110111 011551 11015 1011011111.

Le 110550 01 10 1111050111 (10 10 3001010 (105 5010111305 110115 1101·-
1110110111 ἡ 1050 10111111101 ἡ (1011811101 110111 0110, 501110111ιο (1110110 051
1101 10 consideration 01 10 5511111101ἰο 1105 111511111110115 5001115, 1111 10118 01
1000110 avenis 0011500110 0οΧ 11108105 110 la 50101100.

si 10 1101 01 10 Reme (10 811000, 000011111081105 110 plusieurs
Membres 110 1101111 1101111110, 0111 (1018110 0111101101· 0 110111010101’001010110
50101111110 11110 501110 110111 1101111011 Lem¹ 1110501100, 0051 (111ἸΙ5 110 50 50111
1105 11111 11111111101110111 ἐι 10001111011110 10 1010 11110 10110 jusqu’&¹ 1111050111 10
8001010 1105 5011111005 (111 5011100 110 10 11011110. Il 11’051 1105 1001010110,
011 01101, 110 von· 011551 (10115 10 1110501100 (10 1101115 1110105105 111110-
11101811080 110 la 1111111101100 (1110 Lem* 1115111110 1101111 1’ον011111 5011 1001111110
(10115 00 11101110 50115.

Α11011110 11101111051011011 (10 001111011ῡο 110 50111011. 01110 111115 1110-
11101150, 111 (10 meilleur (11181110 110111· 1111110 5001010 011 50 (11101110 11’111511-
11111011 0011011010 01 110111101111110.

Το111 011 10150111 10 11011 (111’11 convient au 0051110110111151110, qui 051 10
1110111111 110 10. 50101100, la Societas (1115 &cimaco-s· d’Upsam 011101111 011-(1111111111
0011501101· 51111 (1111001010 5110110153. (11, 10 1101111Ιο 511011015 5’051 1011 (10111115
1011810111115 Ia 1101111101] 110 voh· 110115 1115 Rois 11011 5011101110111 105 1101110-
5011101115 (111 110111011- publio, 111015 011551 110 111 Νο11011 10111 01111010, avec
505 111115 nobles 05111111110115, 505 111115 801101011505 0111111110115, 505111115
11011005 0511011011005.

