BmENTENAOEE DE LA 80611316, ΕΤ(·. 23

S'il 631116111113 (16 610116 (1116 1161113 Μ6163163 0111 (16 110116 So-
61616 11116 1161116 11166, 61- qu' 3116316 jugent digne (16 116111· 111611-
1761116111 11116161, 110113 11011νο113 y voil¹ un ffinwignage 1116611361116 110116
611 110111 (16 16 8116116 11161116, 'tbmoignage (1111 116 110113 116111161 1163 (16
11011161· (1116 110116 3061616 11611 611331 11116 166116 61 grande 1111331011 1111-
trinaque„ 1111’6116 116111 16811111161116111 63116161· 11161161· 6 11011116 fin.

301 1163-11111336111, 361116 11·63-ἓ;1·66161136,

ΙΙ >⁷ 61116 1116111151 1161116 (1113 (111“1111’1116111111·6 (16 110116 81161616
vous 361116 1161 663 vers qui 163011116111, 1011101113.

»3601116, 3’661·1611-11, 6601116, 1611116 fils (16 110116 101, 11’6111611(13-111
1163 163 acclamations Joyeuses (1111 (111 1011116111 16 361116111 . . . 3601116-163
61 111 611161111163 163 11611611161113 1111 6116111· 116 16 8116116». Et il 1101113111-
vait: »3601116, belle 11611666 (16 110116 11111166, 111616 1011 0161116 aux 66-
601113 116 16 lyve 3116110136. [101311116116 361116 (163 1161113 30113 163 1163,
&est 16 langage 116 110116 61116 (1116 111 66161613».

Ι)6111113 1013, 16 6116111· (111 116111116 311611013 11’6, 16111613 66336 116 1161116
110111· 110113, (1 Sive„ 61 16 langage (16 110116 (11116, Auguste 361116, 11’6
1163 change&

Les 3611116161113 1161110111· 61. (16 (161·01161116111, 30111 1011101113 163
111611163; (16113 16 601113 116 663 1161116 6113. 113 116 30111 (161·611113 (1116111113
vifs, 111113 111113361113, 111113 11101011113 61 113 116 116116116111 (1116 11116111· 1011163
163 11611163 (16 110116 vaste pays (16 8116116. Dans· (11161 6111111111 361611-11
plus 11611116] (1’6Χ1)1·111161· 663 36111111161113 (1116116113 66116 villo (1111 (1 616
1’011]’61 (16 Υο1,1·6 11611 116 16111 (16 11161111163 (1’111161·1“)1, (16 111611ν611161166 61
116 60111161166, 011 611 36111 (16 66116 ,3001616 (163 3611111663 (1111 101111, (111
bonhem· 116 6011111161· 10111 1161·116111161·61116111 11611111 ’163 316113 16 301 116
8116116, 61, 116116111 611331, 16 361116.

Daignez (10116 11616161116 aux 111611116163 (16 16 3061616 (163 361611-
663 61. 116 1’[1111ν61·3116 (1Ή113616, aux citoyens (16 66116 villoq 6 110113
10113, 6111111,161 1116361113, (16 161110131161· 6 1 03 1161631113 1103 36111111161113
(16 1163 1110101111 61 1163 1631166111611Χ 11611 01161116111, 611 1101133( 1(1,11 (111 fond 116
1103 OOEUIS 311611013, 1111 11161 16161111336111 611 1Ἰ1011116111· (16 1113 (11(1113163

Viv 6111 1161113 1116163163 16 301 61 16 3611161 ’

06 ‘discours 1111. 6661161111 1161· (163 110111163 (16 16 11611 (10 1611111-

1011·6, 61 011 6111011116 1111111116 10) 61.
Ρ1113,1’0161163116 10116 16 111616116 11101111111616 (16 1010111 Ρ611116111

661· (,1 1461113 111-(116333 61 163 6111163 11( ι111(3 1613111111( (111113 (11111161-6111 16 36116.

