 

—32

-29

- 165

-12

28

28

Ι28

28

28

28

28

 

J, Iog Jz

corr, obs,

log JZ = 1648 - 00492 ΓΖ

EXTINCTION DANS L'ATMOSPHERE TERRESTRE. 71

eale diff.

E. M. = ss 0012

126
137
178
2⁴33
280

126
137
178
284
281

126
1.37
1.79
234
282

126
137
179
235
282

 

126
137
179
235
282

 

137
179
286

126
283

126
1 137
⁴2 1.79
¹ 236

284

 

 

 

 

 

380 37.8
400 398
355 35.5
34.7 342
331 326
log Jz
83,4 831
869 86.4
790 790
79.9 788
75.0 739
log Jz
83.4 831
86.5 858
778 778
76.1 750
69.1 68.1
log «Jz = 2012 —
846 842
881 875
783 783
768 75.7
692 682
log Jz
790 787
809 803
718 718
70.7 697
643 633
log ‹Jz = 1898 -
64.ss 643
670 666
59.1 591
582 57.4
52.0 512
log Jz Ξ 1-
567 565
5S.7 582
508 508
498 491
445 438

1.577
1.599
1.550
1.534
1.513

= 1973 — 00359 Fz

1920
1937
1898
1897

2 2002 — 0.0581 ΡΖ

1920
1933
1891
1875

 

1833

00613 ΓΖ

1925
1942
1894

 

1834

= 1979 -— 00619 1⁴⁷2

 

1896

1856

00647 F:
1808
1.772

1.759
1.709

 

851 - 00728 Fz

1754
1765
1706
1691
1641

 

1869 1

 

1879 '

1905 ,

1843 ¹
1801 1

1823 ἶ

 

1.586
1.581
1.561
1.533
1.511

Ε. M. =

1928
1924
1909
1889
1872

Ε. M:

1929
1 922
1898
1866 1
1838

Ε. M. =

1935
1928
1903

 

1868
1840

ΕΔ M.=

1901
1894
1868
1833
1804

Ε, M.
1817

1810 f

1783
1746

 

1715

E. M.=

1752
1721
1680
1645

1760 1

— 9

‡0.012
- 5
⁴( 11
m 12

 

