 

 

 

 

 

 

 

 

 

 

62 F. LINDHOLM,
d ι S 1 ΓΖ 1 Τ ἱ οᾸζΖΓ. Ι obs lOgJ' J² eale diff
4 75 123 10g [Ζ = 1783 4 01504 ΕΖ Ε. M. = ss0.009
220 276 1 28.1 r 1449 1452 - 3
174 327 ἶ 334 ἱ 1524 , 1521 1 4 3
146 348 1 374 ’ 1573 ’ 1563 1 4 10
126 388 1 385 j 1585 1593 1 - 8
4 80 123 log ,ΙΖ = 1728 - 01523 ΕΖ Ε, M. = 40009
2 20 242 ξ 247 1 1393 1393 = 0
174 288 1 294 1 1468 1463 4 5
146 307 1 313 1 1496 1506 , - 10
126 341 ζ 348 ξ 1542 1536 4 6
4 85 123 log αΖ = 1672 - 01559 ΕΖ Ε. M. = 40013
219 208 212 1326 ’ 1331 2 - 5
174 255 260 1415 1401 414
146 26.7 272 1435 ’ 1445 - 10
126 204 300 1477 1476 4 1
4 90 123 log JZ = 1629 — 01624 ΕΖ Ε. M. = ssO-OOS
219 183 1 187 1272 1273 - 1
174 222 1 226 . 1354 1346 4 8
146 238 242 1384 , 1392 - 8
126 263 268 1428 1424 4 4
³ 4100 123 log ,ΙΖ = 1512 4 01536 Fz E. M. = ss0·008
³ 219 146 149 1173 1176 - 3
174 17.5 17.9 1253 1245 4 8
146 188 191 1281 1288 4 7
126 205 209 ¹ 1320 1318 4 2
4 100 253 10g ,ΙΖ = 1843 - 01632 ΕΖ Ε, M. = 40014
215 300 ³ 306 1486 1491 - 5
170 375 382 1 1582 1565 4 17
144 388 396 1598 1607 - 9
126 426 434 1637 1637 0
4 105 123 log .]Ζ = 1467 -- 01689 ΕΖ Ε, M. = ss0.009
219 123 125 1097 1097 0
173 148 15.1 1179 1175 4 4
146 15.9 162 1210 1220 - 10
126 17.9 182 1260 1254 4 6
4105 253 log Jz = 1771 — 01613 ΕΖ Ε. M. = ‡0.011
215 258 263 1420 1424 - 4
170 316 322 1508 1497 4 11
144 33 2 338 1529 1539 - 10
126 364 37.1 1569 1567 4 2 ,

 

 

