Nova Acta Reg. Soc. So. Ups.‚ Ser. 4, Vol. 3. N. 4.

Impr. “²¹an 1912.

11

Diome, (1501, amikroskopisoher Sohwefeffiydrosole verschiedener Konzemtrafion7 A.

 

J 4500
3,3
327942
00239
320211
1, 2401
1, 0233 1
0, 2135 1

14311

Tab. 7.

10,67 3,40 13,20 1
0,79 0,47
270333 273350 233995 2
00230 00279 00230

23, 0103 27, 3929 J 20, 9275 1 2
10773 105351 10350 101741
10100 100731 100521 10023 10003
00924 007001 005331 003241 00133

437 1492 14991503 15119

1 14,23

105
234935
00277
230212

3375 1 2531
2,5 1,33
312227 300351
00270 00273
310497 300324
1,1307 1,]353
10130 10135
013271 01223
4 32 1 4, 33

1303
1,41

221493
00275

29,1771
1,1024

 

 

Tab. 8,
Dic-hte7 dam, submikroskopisclml‘ Sohwefelhydrosole

verschiedenffl‘ Konzentratiom Α.

A Α J 1005 1 3 00 J
J
J

 

100 J 0
001 J
2055231
00279
200302
10143
00992
00053
5,.30

300

003
200151
00273 1
1

003
27, 4431
00279 1
07 4160
10331
0,9993 J
00335

O

0)0, 4120

, 00230

J υ10 4100 1

J 0993901
’ 00939

 

 

96,84=29
4‚014·2
Ο,9992
00150
5‚00

 

 

107
003
05332
0, 0279
0, 3111
1, 00551
0, 9993
00059
551

 

 

0‚53
0‚04
235033
00230
200313
10024
00993
00031
5,Βὸ

 

 

0 J
0
234120
Ο, 0230
20, 4400 1
0, 993931

 

- J

DER KOLLOIDE SCHWEFEL.

81

