 

 

 

 

 

 

 

 

38 F. LINDHOLM,
d 4 s 4 ΕΖ 4 J2 4 ogr} 4 1Οὲ J² diff.
’ obs. 4 cale.
4 25 28 log 212 = 1606 4 00857 F2 Ε. M. = 4 0009
234 211 1 254 1405 ¹ 1406 4 1
155 289 ³ 302 4 1480 1473 4 7
148 285 4 297 1473 1479 4 6
4 25 53 log ,JZ = 1943 4 00812 FZ Ε. M. = 4 0008
258 516 1 512 1734 1733 4 1
152 625 4 651 1814 1820 4 6
149 646 673 1828 1822 4 6
4 30 28 log J2 4 1534 4 00855 Fe Ε. M. = 4 0014
233 205 ’ 216 1334 1335 4 1
155 247 4 258 1412 1402 4 10
148 240 250 1398 1408 4 10
4 30 53 log ας 4 1885 4 00891 FZ E. 1ιΙ, 4 4 0009
258 429 j 4512 ¹ 1655 1654 4 1
152 531 1 553 1743 1749 4 6
149 550 573 1758 1752 4 6
4 35 28 log J2 = 1490 4 00885 F3 Ε. M. = 4 0010
283 182 ¹ 192 1283 1284 4 1
155 219 228 1360 1353 4 7
148 216 225 1352 1359 4 7
4 35 53 log ‚72 = 1839 4 00922 Fz Ε. M. = 4 0006
257 380 400 1602 1602 0
152 475 495 1695 1699 4 4
149 487 507 1705 1701 , 4 4
4 40 53 103 Jz 4 1790 - 00963 F2 Ε. M. = 4 0003
257 331 348 1542 1542 0
152 420 438 1641 1643 4 2
149 427 445 1648 1646 4 2
4 45 53 log J: = 1750 - 01011 F: Ε. M. = 40006
257 294 309 1490 1490 0
152 375 391 1592 1596 4 4
149 385 40,1 1603 1599 4 4
4 50 53 log ἱ134 1692 - 0.1057 ΡΖ Ε. M. = 4 0001
257 250 263 1420 1420 0
152 325 339 1530 1531 4 1
149 329 348 1535 1535 0
4 55 53 10g JZ = 1645 - 01042 F2 Ε. M. = 4 0001
257 226 238 1377 1377 0
152 294 307 1487 1487 0
149 296 308 1489 1490 4 1

 

 

 

 

 

 

 

 

