EXTINCTION DANS L'ATMOSPffl'ERE TERRESTRE. 39

 

 

low J-

 

 

 

 

 

 

 

d S ΕΣ 1 J3 Ι coi} ¹ ὗ ⁶ diff.
· obs. Ι calo,
4 55 123 log αἱ = 2047 - 01048 F2 Ε. M. = 4 0011
251 578 608 1784 1784 0
152 729 759 1880 1888 - 3
1.49 758 790 1898 1691 4 7
4 60 53 log J2 2 1593 - 01079 F: F. M. = 4 0003
257 197 207 1316 1316 0
152 259 270 1431 1429 , 4 2
149 259 270 1431 1433 4 2 1
4 60 123 log ,Ε = 1985 4 01043 F: E. M. ε 40008
251 503 , 529 1723 1723 0
152 634 600 , 1820 1826 - 6
149 657 034 1835 1830 4 5
4 65 123 log J⁵ = 1914 - 00962 Ε3 Ε M. 2 40006
251 447 47.1 1673 1673 0
152 557 581 1764 1768 4 4
149 573 596 1775 1770 4 5
4 70 123 1οὲ J2 = 1893 - 01172 Ε3 Ε. M. = 40004
“ 250 375 398 1600 1600 0 ,
152 494 515 1712 1715 - 3
149 505 526 1721 ¹ 1718 4 3
4 75 123 log J: =1.319 - 01144 ΕΞ Ε. Μ. = 4 0010
250 1 324 311 1533 1533 0
152 417 435 1638 1615 - 7
149 434 452 1655 1648 4 7
4 80 123 log ας =1.772 - 01112 F: Ε. M. = 4 0006
250 297 312 1494 1494 0
152 381 397 1599 1603 - 4
149 391 407 1610 ¹ 1606 · -4 4
4 85 123 log J2 Ξ 1688 - 01079 ΕΖ Ε. M. = 4 0008
249 250 203 ³ 1420 3 1419 4 1
152 316 330 1519 1524 4 5 k
149 328 341 1533 1527 4 6
4 90 123 log ι12 = 1656 - 01120 122 Ε. M. = 4 0009
249 227 239 1378 1 1378 0
152 289 302 1480 1486 - 6
149 301 313 1496 l 1489 4 7
4 100 123 “ log J: = 1561 - 01242 F2 E. M. = 4 0001
Ι 248 110 179 1253 1 1253 0
152 225 235 1 1311 1372 - 1
149 229 238 , 1377 1 1376 4 1

 

 

 

