42 H. ΜΑΠΒΙΟΕ,

Ballou clu 24 Fe‘vrier 1908.

Force ascensionnelle 2600 gr. Poids de l'fflluipement 690 gr.
Un ballol] caoutchouo de 1800 mm. de diamae'3tre.
Rem-oum} sur Sirufjall ἐι 80 Km. au SSOE de Kiruna.
τ’ = inversion. it = isothermie. ga = gradient augmenta gd. = gradient diminue.

 

 

 

{9358 Altitude Pression {3311}ss {5353 Altitude Pression {3332-

695911] OS 500 706 4142ίῄ 7¹145ffl54⁵ 10500 170 -61.4

7h O¹¹¹49S 770 681 4142 47 34 11000 156 4641
215 1000 661 413.7 48 1 11130 153 464.7
5 45 1500 619 410.7ῑ” 49 12 11500 144 4618
8 41 1960 583 4143Ῐῄ 49 34 11620 142 460.9
8 54 2000 579 4143 50 44 12000 133 460.5
9 36 2130 570 -14.2 52 12 12500 123 -6Ο.1
11 40 2500 543 4161 53 32 13000 114 460.1
12 3 2560 538 4166 54 50 13500 105 460.1
13 0 2730 526 4162νῇ 56 4 14000 97 -60.0
14 27 3000 507 —17.0 57 29 14500 89 459.8
16 54 3500 474 4198 58 59 15000 82 4596
19 36 4000 443 4222 8h οω355 15500 76 4597
2210 4500 414 425.1 2 3 16000 70 —59.4i
24 35 5000 386 428.7 3 23 16500 65 461.6
25 16 5140 379 429,5ἕᾶ 4 39 17000 60 4636
26 21 5350 368 4297 5 49 17500 55 4642
27 3 5500 360 4302 6 59 18000 51 4648
29 20 6000 336 4320 8 8 18500 47 4656
30 20 6220 325 432883, 9 10 19000 43 4661
31 36 6500 312 4346 10 10 19500 39 4663
33 42 7000 290 437,8 11 21 20000 36 4664
35 43 7500 270 440.9 12 29 205οΟ 33 4666
37 39 8000 251 4445 13 21 21000 30 4668
39 32 8500 233 4485 14 11 21500 28 467.0
41 17 9000 215 45240 15 14 22000 26 467.3
42 54 9500 199 4552 16 19 22500 24 4675
44 26 10000 184 4586 17 20 22760 23 469.1

 

 

 

 

 

 

La tempfflflture minima est 4 6907 ἐι 2118οΠ1 ἐι la deseente.
Le baronmtre est corrig& de la tempfflature.

