 

 

60

Η. ΜΑΠΒΙΟΕ,

 

Heure
p.m.

81142u139s
44 23
46 2
47 32
48 1
48 59
50 26
51 56
53 45
55 29
57 17
31159111 sss
911 01u51s

 

Altvitude relative

5500

0000 ’

6500
7000
7160
7500
8000
8500
9000
9500
10000
10500
11000

Pression

382
358
335
314
307
293
273
254
237
220
205
190

 

176

Tempe-
rature

-106
ἡ136
-177
ᾖ221
-23-5gd
-253
4281
—31-2ga
-300
-402
*447
ἡ489

 

α53.1

 

Humidite

31
29
27
26
26
25
24
24
24
24
24

Heure
pur

eh 211131S

4 6
4 44
6 2
7 46
9 28
11 17
12 Ο
13 13
15 5
16 55

18 45

 

Al titud e

Pression

 

11500
12000
12160
12500
13000
13500
14000
14190
14500
15000
15500
15940

 

163
150
146
138
128
119
110
107
102

95

88

82

Le barometre est corrige (10 la temperatura

2222} Ballou (ln 19 Aoelt 1909.

 

Tempe-
rature

-575
ῐ61.9
ᾔ625
ἶ-57.2

¹ 4534

ἡ502
4480
-ψ47.6ἕᾶ
ῌ478
Ῑ491
ἡ470
ψ470

Force ascensionnesse 2480 gr. Iknds de sequijssflnent 685 gn
Un ballon eaoutchouo (10 1750 111111. (10 (1101110110.
Rem-oum} ἐι Ofre Soppero ἐι 68 Km. au Ν65Ε (10 Kiruna.

 

Humidite
relative

i z inversion. it = isothermie. ga = gradient augmente. gd z gradient diminue.

 

 

Heure
pm.

81143ΙΠ 0S
45 27
46 59
48 9
48 25
50 57
53 12
53 53
55 12
55 15
57 21
8115713346Ε
9Β Om10S
2 22

4 33

5 56

6 38

7 00

8 31

10 23
12 15
12 26
12 59
14 2
15 47

 

Altitude

510
1000
1280
1500
1550
2000
2500
2670
2990
3000
3420
3500
4000
4500
5000
5320
5500
5590
6000
6500
7000
7050
7200
7500
8000

 

Pression

712
671
649
632
628
595
559
547
526
525
498
493
464
435
408
392
383
378
358
335
313
311
305
293
273

 

Τ e mp 0 -
rabure

jll.lga
*13ss
ml7.3
-213
-2L8gd
—22.0ga

-236

 

--Q7J

Humiditcfi
relative

100
96
94
97
98
94
88
87
65
64
44
42
34
32
32
32
32
32
31
30
29
29
28
28
27

Heure
pnm

9hl7ffl26S

18 58
20 19
21 43
23 9
24 40
26 6
27 29
28 46
29 31
30 O
31 13
32 24
32 59
33 33
34 43
35 50
36 56
38 11
39 24
40 33
41 40
42 46
43 36

 

Altimde

8500

9000

9500
10000
10500
11000
11500
12000
12500
12800
13000
13500
14000
14260
14500
15000
15500
16000
16500
17000
17500
18000
18500
18850

 

Pression

255
237
221
205
190
177
164
152
140
133
129
119
110
106
102
94
88
82
76
70
65
60
55
53

Le bzu'ometre est, corrig-0 de la temperature.

 

Tempe-
rature

—301
ἡ34.0
ἡ37.8
-41Α
ῌ446
Δ47.9
ῐ518
-560
>-60.3
- 629
-607
ῌ55.1
ῐ510
-493
ῆ488
γῖ48.5
ή482
44?ss
-477
-478
ψ4Ἇ8
-4Ἇ2
ῐ463
ῌ458

 

Humidite
relative

27
27
26

 

 

