 

 

 

 

 

 

 

 

 

48 F.. LINDHOLM‚
<1 s Ε, Ι J: (ἐξ, l obs log· J‘ calo 1 diff.
4 65 123 log JZ = 1956 4 00857 Fz Ε. Μ. = 40005
244 525 1 560 ’ 1748 1 1.747 4 1
176 592 1 632 , 1801 1805 -> 4
148 636 j 679 1832 1829 1 4 3
- 70 123 10g Jz = 1892 4 00837 Fz E. Μ. = 40002
244 457 1 488 1688 1688 1 0
176 518 3 553 1743 1745 - 2
148 550 ; 587 1769 1768 3 4 1
4 75 123 log JZ = 1826 4 00829 FZ E. M. = 40013
243 398 1 425 1628 1624 3 4 4
176 439 468 1670 1 1680 1 - 10
148 481 ἕ 514 1711 , 1704 , 4 7
4 80 123 log αἱ = 1786 - 00795 ΡΖ Ε. Μ. = 40017
243 370 1 395 1597 1593 3 4 4
176 403 1 430 1633 1 1646 . - 13
1.43 446 476 1618 1 1669 1 4 9
4 85 123 1οὲ Jz = 1727 - 00883 Fz E. M. = 40013
243 307 1 328 1516 1 1513 4 3
176 342 1 365 1562 1572 - 10
148 377 j 402 1604 [ 1597 1 4 7
4 90 123 103 Jz = 1704 - 00944 Fz Ε. 1]Ι.-· 40011
243 281 ’ 300 1 1477 1 1475 1 4 2
176 316 338 1529 1538 J - 9
1.47 348 ζ 372 1571 ἶ 1565 ‚ 4 6
1 4 100 123 log αἱ = 1586 - 00908 Fz Ε. Μ. = 40011
' 242 219 1 234 1369 1366 J 4 3
175 245 1 262 1418 1 1427 ’ - 9
147 270 1 288 1459 ¹ 1453 ’ 4 6
4 105 123 10g JZ = 1521 - 0.0961 ΡΖ Ε. Μ. = 40009
242 133 1 195 1290 ¹ 1288 4 2
175 208 1 222 1346 1353 ¹ - 7
147 227 1 242 1384 1379 4 5
4110 123 10g αἱ = 1457 - 00925 ΡΖ Ε. Μ. = 40016
241 162 ³ 173 ÷ 1238 1234 4 4
175 180 1 192 ; 1283 1295 , - 12
⁴ 1.47 20.1 Ι 214 1 1330 1321 ' 4 9
4115 123 log Jz = 1427 - 01057 F2 E. M. = 40018
241 142 1 151 1 1179 1175 ¹ 4 4
175 159 170 1230 1244 - 14
147 180 J 192 1 1283 1273 4 10

 

 

 

