ΕΧΤΙΝΟΤΙΟΝ DANS L⁷ATMOSPHERE TERRESTRE. 85

Tableau 6.

Resume des eoeffieients de transmission.

 

Valeur Moy-

 

 

 

 

 

 

 

 

 

 

 

 

 

 

 

 

 

 

 

Dist ὲ Longueur 1912 Avril Mai Juin Juillet enne E

la rai-e A dggnze 21 A 1. 1 Π * clusio'n 131166
p.m. 22 a.m. 221‚.1n. 7 a. m. 2 p. 111. 1111411, G a. ιιι, c p. ιιι. 8 p. ιιι. 141146, de Jufflet 141

—- ’80 356 0923 0,912 0,94Ο 0909 090210895 0912 090410868 0835 0907

- 60 2.07’ ,975 ,867 ,954 ,929 ,9241 - ,967 ,902 ,893 ,835 ,920

- 52 162 ,9681 ,910 ,962 ,928 ,9441 ,961 ,9581 ,903 ,921 ,825 ,939

- 40 1,24 ,935 ,928 ,945 ,959 ,907< ,935 ,893 ,856 ,877 ,727 ,915 ¹

- 32 1.075 ,939 ,919 ,940 - ,9161 ,946 — ,851 ,868 ,717 ,911

ἡ 29 1,Ο40 ,942 ,940 ,945 ,962 ,9191 ,950 ,8821 ,8591 ,867 ,694 ,918

- 16,5 0885 ,930 ,915 ,939 ,950 ,910 ,954 ,858 ,8381862 ,666 ,906

- 12 ,842 ,917 ,900 ,929 ,922 ,8921 ,937 ,844 ,8271 ,846 ,649 ,890

- 6,5 ,810 ,907 ,891 ,920 ,921 ,8841 ,928 ,8291 ,809 ,842 ,628 ,881

- 35 ,780 ,902Χ ,889 ,924 ,928 ,8801 ,935 ,8321 ,806 ,836 ,631 ,881

÷ 2 ,748 ,893 ,893 ,910 ,939 ,8751 ,923 ,8191 ,797 ,8251 ,631 ,875

4- 10 ,707 ,8731 ,884 ,900 ,924 ,8601 ,899 ,8081 ,7751 ,796 ,610 ,858

÷ 17 .678 ,8741878 ,890 ,927 ,655 ,907 ,76717751 ,80³2 ,612 ,855 1

4 20 ,666 ,8601 ,857 ’880 ,933 ,8491 ,905 ,7791 ,7641 ,780 ,594 ,845

÷ 25 ,648 ,850 ,825 ,862 ,904 ,847 ,886 ,7731 ,744 ,7571 ,577 ,828

-ι- 30 ,632 ,836 ,818 ,844 ,888 ,8331 ,883 ,7671 ,723 ,746 ,571 ,815

÷ 35 .616 ,8301 ,812 ,850 ,880 ,8341 ,875 ,7651 ,717 ,7441 ,563 ,812

÷ 40 ,601 ,817 ,801 ,838 ,853 ,8191 ,866 ,7511 ,708 ,7291 ,550 ,798

÷ 45 ,587 822» ,792 ,835 ,836 ,819 ,866 7331 ,707 ,7211 ,543 ,792

4 50 ,575 ,808 ,784 ,820 ,836 ,799 ,851 ,730 ,6931,703 ,536 ,780

÷ 55 ,563 ,809 ,787 ,829 ,836 ,8061 ,866 ,7281 ,6851 ,720 ,547 ,785

÷ 60 ,552 ,7961 ,788 ,826 ,833 ,796 ,861 ,7301 ,68511 ,707 ,536 ,780

÷ 65 ,541 ,791 ,8011 ,821 ,821 ,7931 ,862 ,723 ,6801 ,711 - ,778

÷ 70 ,531 ,778 ,7641 ,812 ,825 ,7761 ,836 ,721 ,6731 ,6991 - ,765 1

ψ 75 ,521 ,7831 ,7691 ,810 ,826 ,7611 ,838 ,7071 ,6721 ,7041 - ,763 1

4 80 ,512 ,7791 ,774 ,801 ,820 ,7631 ,827 17041 ,6731 ,680 - ,757

ψ 85 ,503 ,778 ,760 ,798 ,816 ,756 ,822 ,698 ,6761677 -- ,754

-ι- 90 ,496 ,775 ,773 ,795 ,805 ,751 ,812 ,68811 ,658 ,6651 - ,747 1

÷ 100 ,483 ,7641 ,7511 ,790 ,811 ,749 ,818 ,6941 ,644 ,6621 — ,743 s

† 105 ,476 ,7581 ,7451 - ,802 ,7361 ,806 ,684 ,644 ,6561 — ,728 1

÷ 110 ,469 ,755 ,747 ῳ ,808 - 1 ,801 ,6841 ,641 ,6451 —— ,725

÷ 115 ,462 - -— — ,786 - ,783 ,663 ,640 ,6391 -- —-

÷ 120 ,456 - 1 -- - - ,- 1 - ,671 ,6301 ,6421 - -

 

En comparant les differentes series d'observations nous voyons
que la transparenee pour les diverses radiations a ete ἐι peu pres la
meme pour les jours (Μῖνι-11, mai et juin. Habituellement, les obser-
vations du matin et de l'apres-midi ont ete considerees separement.
Pour 16 22 avril la transnstssion obtenue d'apres les observations dela
matinee semble avoir e'te plus faible que celle observe'e l'apreS-midi.

