 

 

 

 

 

 

 

 

 

 

EXTINCTION DANs L'ATMOSPHERE TERRESTRE. 51
d 1 s 1 F2 1 J„ 1 Ορζζ 1 obs 1⁰3J⁸ cale 1 diff.
4 16 23 log JZ = 1721- 00763 ΕΖ F. M. 4 40010
126 1 392 1 410 1613 1624 1 4 11
1.,39 396 416 1619 1614 4 5
2.13 1 353 -366 t 1566 1653 1 4 6
414 242 1 251 1400 1403 1 -- 3
4 16 53 log JZ 4 2039 4 00602 ΕΖ Ε. Μ. 4 40004
126 1 379 1 919 1963 x 1963 1 0
142 359 904 1956 1953 1 4 3
224 1 761 1 792 1699 ’ 1904 = - 5
363 1 639 664 1622 1 1621 , 4 1
4 20 23 log ΔΖ 4 1667 4 00732 Fz Ε. M. = 4 0013
126 ³ 344 ς 360 1656 ’ 1663 · 4 12
1,,39 1 346 1 364 1 1661 1 1656 4 3
2.13 31.3 1 326 ε 1613 ’ 1600 = 4 13
4.15 210 1 216 1633 3 1342 4 4
4 20 53· log Jz = 1933 4 00644 Fz Ε. M. 4 40003
126 772 607 1907 1 1907 0
142 754 1 79.3 1,899 1697 4 2
224 666 694 < 1641 1644 4 3
364 546 569 1755 1754 4 1
4 25 53 log ζῙΖ 4 1946 4 00720 ΕΖ Ε. M. 4 40005
“ 126 634 716 ’ 1654 1655 4 1
¹ 142 669 1 704 1643 1644 4 4
225 57.7 600 1773 1734 1 4 6
365 466 1 464 1635 1634 4 1
4 30 53 log Jz = 1630 4 00795 Fz Ε, M. = 4 0005
126 577 1 604 1731 1730 4 1
142 559 536 1769 1767 4 2
¹ 225 47.7 496 1695 1701 4 6
’ 366 376 1 390 1691 1639 4 2
4 35 53 log JZ = 1631 4 00733 Fz Ε. M. = 40004
1 126 1 516 1 539 1 1732 1 1732 1 0
1 142 502 526 1723 1 1720 1 4 3
’ 226 1 427 446 1 1643 ¹ 1653 4 5
1 366 1 336 1 351 1 1645 1 1643 1 4 2
4 40 53 log ι1Ζ 4 1739 00369 Fz Ε. M. 4 4 0005
1 126 1 456 477 1 1679 1 1630 4 1
1 142 , 446 466 1670 1666 4 4
³ 225 1 372 1 336 1639 1694 4 5
1 366 1 236 1 297 1 1473 1 1471 1 4 2

 

