 

 

 

 

 

 

 

 

 

 

 

 

 

EXTINGTION DANS L'ATMOSPHERE TERRESTRE. 35

d ι s ι 1⁴⁷2 ι J2 t C‘Osl‘ssl„ Ι Ob 1Οὲ J cale diff.
4 85 123 log JZ = 1686 — 01091 FZ Ε. Μ. = 4 0003
158 317 329 1517 1514 ÷ 3

153 318 331 1520 1519 4 1

177 295 308 1489 1493 - 4

318 211 218 1338 1339 - 1

440 155 16.1 1 1207 1205 4 2

4 90 123 log αἱ 2 1650 - 01108 Fz E. M. = 40004
158 289 300 1 1477 1475 4 2

153 293 305 ¹ 1484 1480 · 4 4

178 269 280 1447 1453 — 6

319 191 198 1296 1297 - 1

442 140 145 1161 1160 ÷ 1

4 100 123 log Jz = 1548 - 01167 1³2 Ε. M. Ξ 4 0007
158 225 233 1367 1364 4 3

153 227 237 1375 1369 4 6

178 205 214 1330 1340 - 10

3.19 144 149 1173 1176 - 3

4.46 103 107 1029 1028 4 1

4 105 123 log Jz = 1473 - 01204 ΕΖ Ε. Μ. = 4 0007
158 188 195 1290 1283 4 7

154 18.7 195 1290 1285 4 4

178 17.0 17.7 1248 1259 - 11

320 118 122 1086 1087 - 1

448 82 8.6 0935 0933 4 2

4 110 123 log J2 = 1416 - 01218 FZ E. M. = 40006
157 161 167 1223 1225 - 2

154 165 17.2 1236 1228 4 8

178 15.0 156 1193 1199 - 6

320 - 102 106 1025 1026 - 1

450 7.1 74 0869 0868 4 1

 

 

 

 

 

 

 

