46 H. MAURICE,

Ἢῇῄ

 

 

 

Heure Altitude Poession Tempe}- Humidite', Heure Altimde Prewion Tempuss- Humiditca,

p.m. ¹ rature relative pm. *⁸ rature relative

————.—
311 2111275 4000 Β455 -19.2 27 3112411140Ξ 11000 163 -574
4 29 4500 425 -22.6 27 25 51 11500 150 -54.9
5 43 4820 407 ᾏ25.Ος(1 26 27 1 12000 139 -52.8
6 26 5000 397 ἡ25.6 26 28 6 liz-180 129 —5l.7
7 O 5150 389 ἡ26.Οὲ,νει 26 28 9 12500 128 —51.72‘
8 16 5500 371 -27.8 26 29 16 13000 118 -52.8
10 2 6000 346 ῌ31.1 27 30 32 13500 110 4521
10 31 6140 339 4316ἕᾶ 27 31 54 14000 102 -52.9
11 43 6500 322 Ὗ340 27 33 19 14500 94 -52.4
13 18 7000 299 -37.5 26 34 43 15000 87 ῌ522
14 44 7500 278 -40.7 36 7 15500 80 -52.6
16 17 8000 259 *443 37 28 16000 74 —53.0
17 47 8500 240 -47.7 38 43 16500 68 ῌ538
19 14 9000 222 —50.9 39 51 17000 63 ἡ553
20 44 9500 206 —53.9 40 57 17500 59 -56.1
22 7 10000 190 ᾖ562 4158 18000 55 -55.5
23 26 10500 176 -582 42 37 18330 52 -55.2

23 43 10610 173 *585

 

 

 

 

 

 

 

 

 

La baronffitre est eorl·ng de la te1npe'.1·atur‹3.

Ballou (ch 5 Mars I908.

Force ascensionnelle 2100 gr. Poids de Γρεμῑὶρθῑηθῃί 630 gr.
Un ballon eaoutohouo de 1800 mm. de dianmtre.
Retrouv& it Osmark par Liland (Norvbge) ἐι 150 Km. au S 45 W de Kiruna.
ἰ’ = inversion. it z isothermie. ga z gradient augmente. gd z gradient diminue.

 

 

 

 

 

 

 

 

 

 

{5359 Altitude Pression ᾞΞῙΞῙῙΞζ Ι ἶῖῗῑθ Altitude Pression Ἑξξῗιξὲ-

Ἢ

691οΠἸ 0Ξ 500 720 -11.8 1 6133411148Ξ 5000 399 -23.7
1019 560 714 -12,1 37 7 5500 373 -27.6
11 32 740 698 —11.3i 39 28 6000 347 —31.4
13 13 1000 674 —11.5 41 40 6500 323 -35.0
13 21 1020 673 4115 43 43 7000 301 -38.4
15 41 1360 644 - 4.3ι” 45 39 7500 279 4416
16 37 1500 632 - 4.5 47 35 8000 259 -45.4
19 12 2000 593 - 7Ο 49 52 8500 240 -49.5
21 52 25οΟ 556 - 8.9 52 8 9000 222 -528
24 33 3000 521 -11.4 53 55 9500 206 Μ55.5
27 15 3500 488 ῌ14.5 55 54 10000 190 -59.6
27 33 3560 484 w150gd f>h58¹¹1 6⁵ 10500 175 —62.0gd
28 57 3840 467 —15.‘2ga 711 Om 53 11000 162 -64.4
29 43 4000 457 -16.3 1 48 11500 149 -66,1
32 14 4500 427 -2Ο.Ο 2 20 11660 145 -66.611

