EXTINCTION DANS L'ATMOSPHERE TERRESTRE.

65

 

 

Nova Acta Reg. Soc. Sc. Ups., Ser. 4, Vol. 3, N. 6. Impr. ⁹75 1913.

 

 

 

 

J:

 

 

 

 

 

 

 

Iog J:

y diff.

 

 

 

d ζ S 1 Ε J: 001‘1‘· Ξ obs. calc. Ι
- 32 26 log αἱ = 2022 - 00703 F2 Ε. Μ. 2 ss 0.003
126 656 663 1936 1 1934 ¹ 4 2
130 650 654 1931 = 1931 0
174 79.0 794 1900 1900 0
232 713 716 1655 1659 1 - 4
335 612 615 1769 1767 1 4 2
- 29 26 log JZ = 1962 - 00672 F E. M. = ss 0002
126 769 793 1699 1 1696 4 1
130 760 764 1 1694 1 1695 - 1
174 732 735 r 1866 1 1866 0
232 665 666 1625 1 1627 Ι - 2
335 570 573 1756 Ι 1757 4 1
- 165 26 log αἶ = 1913 - 00769 F2 Ε. M. = ‡0.003
126 655 656 1616 1616 1 4 2
131 646 651 1614 1613 1 4 1
175 593 596 1175 1179 - 4
263 539 542 1734 1734 ἲ 0
337 450 1 452 1655 1654 ζ 4 1
- 12 26 log αἱ = 1662 - 00627 F2 Ε, Μ. = ss 0003
126 573 576 1760 1756 j 4 2
131 560 563 1751 1 1754 4 - 3
175 519 521 , 1717 1 1717 1 0
233 470 «472 g 1674 1 1670 4 4
3.37 360 362 1 1562 1564 - 2
- 65 26 log JZ = 1634 - 00923 F2 Ε. Μ. = 4 0004
126 522 525 1 1720 1 1716 j 4 2
131 510 513 1 1710 1713 - 3
175 466 466 1670 1672 - 2
233 419 421 1624 1619 4 5
337 330 Α 332 ‚ 1521 1522. - 1
- 35 26 log J2 = 1813 - 00936 F2 E. M. = 4 0004
126 496 496 1697 1694 4 3
131 464 466 1667 1669 - 2
175 440 442 1645 1646 - 3
233 394 396 1596 1594 4 4
336 310 312 1494 1495 - 1
4 2 26 log J2 = 1773 - 0 0965 F Ε. 1114 4 0004
126 443 445 1646 1 1649 - 1
131 440 442 1645 1 1644 4 1
175 39.4 396 1596 1601 - 3
234 352 354 1549 1543 4 6
336 273 274 1438 1440 - 2

 

Φ

 

