12 H. MAUmoE,

Les 11161111611161166 (16 quelques 61116ςί61161116 661 11161 1666116666
611 6’661 11166111 1111’1166 1161116 (16 16111 66111116, 111616 11 n'y 6 1111616616-
61111616 (16 1’666666166 (111 13 111616 1007 qui 6616111 1661161116111 6161111616
61 1116611116 66116 valens.

Toutes 166 16164611 6616 6 616 1166611116, j'ai 6611111616 611 116111 166
6611611166 116161116111111166 6111111657666, 111616 661161666 6111 616 1161111166 611
(1611111166, 61 116111 661166-16 je n'ai 1166 psl 16116. 0611666661, 11 1611116-
11161111161 1111’61166 16111616661111161111661 (166 16116619161116616 111111666166,
661, 116116 166 666 6111166166, 1’61·1·6111 1116166661 (16 66 (1116 l'on 11⁷a 1166
161111 66161116 (16 66116 correction 116 16611161611116 116 (16116666 1166, pour
166 6611611166 611111161666, 700 11161166 6 11,000 11161166 (6111111116 (1616
61161661111616), 6611 un 11611 111116 116 6 Ὕυ. 1116661661 HERGESELL 611166116
11116 166 6111161166 61661 6111661166 66111 1611161116 11611 11611166.

Altitudes ez} tempe&'altares catenatos. Les 611111111661116111616 6116111-
166 66111;
6 Κ1111116ε 22 ,240 111 16 20 111616 1007,
22 ,760 111. 16 24 ffivr‘iffl 1008,
18 ,850 111. 16 10 66111 100(1;
6 (16161161ς;20,450 111 16 31 111616 1008.
13611111 166 11611666 166666 6 11111166 61 1611611166, (41 66 tout) 13
661 6116161 1’6111111116 (16 18,000 111., (5 66 1007, 6 611 1008 612 611
1000), 61 10 6111 (16116666 15,000 111. ΤΟ116 6111 (16116666 0,700 111.
Les 161111161·61-111·66 166 111116 1166666 6116611666 66111;
6 Κ1111116ε -6908 6 10,400 111. 16 14 111616 1007,
—7506 6 11,110 111. 16 18 1611161 1008,
ἡ62Οο 6 12,800 111. 16 10 66111 100ος
6 (1616116196 —5807 6 11,850 111. 16 20 111616 1008.

Rallons lances ιι Gc'itelmty. Les 11611666 1611666 6 06161161ῑὲ- 66111
11611 11611 6661111611Χ pour (1116 1’611 11111666 66 11161 1166 66116111616116
111611 6611611166, 6611611116111 116 11166116616Γ6ν11161166 11116 1661616 qui
rbgissent 16 161161111166 116 16 161111161611116 116116 16 1161116 6161661111616
6’611111111116111 611 61111 (16 16 8116116, En 1161116111161, 1611116116 116 16 611-6-
1661111616 varie 116 16 11161116 1116111616, suivant 16 situation 6161661616-
giqueq 6 16 1611111116 116 (1151611613 que 116116 166 11611166 111116 1116111116-
116166 (16 1Ἐ111·6116, 66111616 611 116111 16 1611 6111 16 111-6616111616 61-161111.
qui 61611116 166 1611611666 116 16 161111161611111· 116116 16 vome-ale 6 (1616-

