DER KOLLOIDE SCHWEFEL. 71

19113103 und verdunstet 3113131111911, 1193 (13(1111911191911111911191111131 11’11(1.
(1333 (191 13991191 (193 Τ193913 113911 1333919111 11111131111911 3111 (191 1111191-
39119 11111 91119111 1919111911 Η311911 von 8911119191 119(199111 131.

Faus 113911 9139111931 Ε111112911 (193 89111191913 1113 211111 8911111912911
(133 Gens-ioht: 1193931933-311391191331911 113119, 39 war (133 1193391 1119111,
191113 9111191111, und 93 119(1111119 911191 1191191911 Ε11111211113, 11111 1931211-
31911911, 911 (1193 113911 (19111 211911911Ε111112911 (191 Fan 391, 11933911 (133 39
nach Ε1111911111113 (193 1111333913 3913131939 (1191119111 31311911113· 3339119111-
111911 wurde. 8119113· 3939133193 31113319 91119 ΚοΓ191111911 1111 (119 11311-
19ῃᾶ (193 Α1111191131119113 1111 Τ1991191139111311119 3131,11111(1911(19 Verdfflnpfung
(193 8931191913 119139119111111911 werden„ (13 91119 3919119 ]9(19911 21911111911
1133191191 3113131193 1111(1 11311111 (119 179131191131911191 1191111 Abpipettieren u.
S. W. 9119191193 11111139, 113119 19111191119 3919119 Κ91191111911 119139119111111911.

Ν3911 139311111311133· (193 Τι11313911191113 von 8911119191 und 8312911
11111119 (191 Τ19391 39111· 1913191313 9111311111 und 1113 2111 19111393 Ver-
111911111133· (193 89111191913 91111121, 11913111, 21199113 139311311111133· (191 191-
11311(191193 8312319339, (191 1111911313311 3331131911 11·111(19. 111 (19111119131911
11311911 1193131111 (133 8312 3111311311911 3113 01119113, Da 31911 119131 191·-
11191111911 1319139 0111131193 1911119139 8911119191331119 11111191, 11919119 31911
mit (1911 19111313191193 831293 111 8111131 1111139171, 1111133 (191 Η119113131111
durch Bellandeln 11111 1191129311191191 891111-9191331119 1911313111113· 111 8111131
(193 119119119111193 11913113 111191391111111, werden„ 11111 3113 (19111 (1191119111 (193-
3911193 (133 1391119111 (193 11111191· 19111313191193 0111911113 1191991111911 211
1111311911. Das 3913311939 (1191119111 111111 von (19111 (ἶῖ91119111 (191 1911191
bestimmten Menge: 8911119191-1- 8312 111 11112113· 3911139111, 1191191 (119
1311191932 (1911 89111191913911311, (191 Ρ19119 9131111.

Die zweife Analysenlnethode, 11919119 1191111121, wurde. 11931311(1 111
[1119111111111113- (193 1191193193 89111191913 111 89111191913111119 (1111911 Oxyda-
11911 11111 1319111. Die Α11311111111113· 3939113111913913191111333911. Das 891
1131119 2119131 11111 11733391 111 1193113131191 1119139 1911111331, 39 (1333 (191
891111191913911311 3191191 11931391 313 1 Olo 11911113, und wurde (131111 111 9111
Β9911913133 3911139111, 3111 (1933911 Boden 3911119191331119119193 1319111 39-
39111911191 1131, 1119113911 (119 Ρ19119 9111, 1113 21191 Τ339 111 1111119 39133393
wurde. Unter (1193911 [131313131911 oxydiert (133 1319111 (1911 8911119191
11191319113 1191131313113· 211 8911119191331119, 891119 (1193 nieht (191 Fal] 39111,
39339111 9111139 Κ1111111191193 1931911 89111191913 3111 (19111 Boden 31911 33-
331111119111, 39 113311 111311 durch Ζ113312 9131391 Τ1Ὀρ1911 19111911 8911119191-

