20 N. C. DUNJQR,

M. 1111 1111161611 1116116666 16 (1166111116 suivant:

1116166166,
Α1166666 36116166,

ΝΙ666611166 61111666161116,

De grands souvenirs 66 161166116111 6. 16 1611661161] (16 66116 60-
61616 66161116. (1111 6666111116 16 11166616 (16 11111166 166 emnpagnies 11116-
161166 (1111 66 60111 101111666 1111611611161116111 611 3116116. Ce 66111 166 6611-
venius* (1611141116 611111161116. 661 16 6111161161] (111 1617611616 61611 11611 661116-
meni· gravement 1116116666, 111616 presque (16666116166, 661111611116 (1’11116
1116061616Ι6 61116111 (166 investigatione 61 (1“’11116 6611 (166 (166611161166
6616111111111166 161161666111, 611 quelque 611116, 60116 16 661111 (166 (16118616.

Le college (166 6116161161116 (Collegyc'um 6111166616111), 11’61“1 661661116
lu 81161616 1161616 (166 66166666, 116 11616611 1166 66111666 6 11116 (Speque
1111 1111116 pays 61611 66661111 ἐι 16 1016 1161 16 1)·(1116111611ς, 16 11116616 61 16
1)1’11666Ἶ 61 611 11 116 1101111611 111116 6611111161, 110111 66 (16161166, 6111 161116-
ι661166 (16 6011 101. «fest qu’en 61161 11116 10166 1161611166 resident (16116
161116 (166 Eme BENZELIUQ (166 HARALD VALERIUS 61 (16 666 1116, 1166
16111166 lium 61 116 661· original LARS ROBERG. Un (11661116 166 1116-
116161116 (111116 6111611111011 611 1161101116, 611 vue cry 1116661161· 6 (166 61116-
11611666 66 16111111116111 a 16 1116611116 (16 Fare 1111 meridien 61 6 diverses
166116161166 6111 16 1116ἕ11611161116.

Pomm 61 Η11Ἐ11ΕΝ136116, euxq 6’6661111616111 (166 moyen& d'extraire
111 661 (111 8116116 meme. Un 11611 (16 1116116 cour-age 66 161616 6, 66
11101106 (16116 66116 1101116116 (16 Pomm que 16 811666 1101111611 166611-
1161 1111166 la 60116111611111 (16 16 paix7 grace 6 666 1161166666 1161111116166,
111116 (1116116 11617611 1161(111 1161 666 31161166.

116 8061616 11011116 (166 6111611666 6 60111111116 51611611661116111, 11611-
<lant (1(111Χ 6166166, 1111111116 1661ιὲ6166 1161 16 Collegium curiosorum.

west 1111 110111 (16 1Ὰ6611611116 6116116166, 1361111116 611 661111 (166 6111166
101111161111166 litt-&miros ot §aventes qui 6111 616 6166166661116111 6611111666
11 se 16116 1611166611161· 6 ee 11111116, (1116 ,1611116116 6 16 8661616 11611616
(166 6611111666, 601116111161116111 ἐι 1116 1111661611, 166 16116116116116 166111116 6116-
16111611666, avec 16 601111611011 (1116 66116 6661616, a l'avenir 661111116 pal·
16 116666, 11011616 116161116111 1’61611(161(1 (166 111611111616 (16 16 66161166, 61,
(111611 1111 111111 6116 1661616 11116 (166 8161166 (16 116116 1161116.

