 

 

EXTINCTION DANS L’ATMOSPHERE TERRESTRE. 01

g Ι ⁵ Ι ‘F' 1 ‘1² 0071212 ἐ obs leg ὦ eale diff*
4 50 123 1og ιῙΖ 4 2062 4 01363 ΕΖ Ε. Μ. 4 40007
1 221 1 565 576 1760 1 1761 4 1

175 601 674 1629 1 1624 , 4 5

147 1 701 715 1654 1662 i 4 6

126 769 764 1694 1690 ζ 4 4

4 55 53 10g J2 = 1602 4 01353 Εε Ε. M. = 4 0003
224 ² 196 200 1 1301 1299 ¹ 4 2

176 g 225 230 1 1362 1364 1 4 2

147 247 252 1401 1403 1 -- 2

126 Ι 207 272 1435 1432 1 4 3

4ἡ 55 123 log J2 = 2005 4 01411 F: Ε. 111. 4 40007
1 221 1 466 495 1 1695 , 1693 ξ 4 2

175 563 574 1759 3 1756 4 1

147 , 607 616 1791 1796 4 7

126 666 660 1633 1627 4 6

4 60 53 log ι1Ξ 4 1557 - 01390 Ε Ε. 111. 4 40003
224 1 172 1 176 ; 1246 1246 0

176 202 206 1 1314 1312 4 2

147 , 220 1 224 1350 1353 4 3

126 k 237 242 J 1364 1 1362 4 2

4 60 123 log αἱ 4 1939 4 01335 F: E. M. = 40006
220 435 414 1647 1645 4 2

174 501 511 1706 1707 4 1

147 533 543 1735 1 1743 4 6

126 V 567 596 1777 ; 1771 1 4 6

4 65 53 log J: 4 1506 4 01476 F: Ε. M. = 10002
223 3 14.7 ’ 150 1176 1177 4 1

176 ; 174 17.7 1246 ; 1246 4 2

147 1 190 194 1 1266 1269 3 4 1

126 ; 205 209 1 1320 1320 = 0

4 65 123 log Jz 4 1673 -- 01345 F: E. Μ. 4 40007
220 37.1 376 ¹, 1577 1577 1 0

174 1 430 1 439 1642 1639 1 4 3

147 ¹ 456 r 465 1667 1 1675 Ι 4 6

126 500 510 1706 ¹ 1703 1 4 5

4 70 123 10g J2 4 1626 4 01422 F: Ε. Μ. 4 40006
1 220 1 320 326 1513 1515 1 4 2

1 174 376 366 1567 1 1560 ¹ 4 7

147 1 400 406 1611 1 1619 1 4 6

126 441 446 1651 1 1649 4 2

 

 

