EXTlNCTION DANS L⁷ATMOSPHERE TERRESTRE. 57

 

 

Jz v Iog Jz

 

 

d [ s 1 F: J2 corr· (ὼε. 1 calc. diff.
4 85 123 log αἱ 4 1638 4 00854 FZ Ε. M. = 4 0016
131 1 333 ζ 341 1 1533 1 1526 4 7

1 2.27 1 263 1 27.0 1431 ‘ 1444 1 4 13

1 335 1 222 1 223 1358 1 1352 4 6

4 90 123 log 119 4 1594 4 00907 FZ Ε. M. = 4 0019
131 1 295 1 302 1 1480 1 1475 1 4 5

227 230 r 236 1 1373 1 1388 1 4 15

3 36 1 194 1 199 1 1299 1 1289 1 4 10

4 100 123 log 212 = 1.477 4 00875 FZ Ε. Μ, 4 4 0015
131 1 229 1 234 1 1369 1362 4 7

228 1 17.9 1 184 1 1265 , 1277 4 12

337 1 150 1 154 1 1188 1 1182 4 6

4 105 123 log JZ 4 1419 4 00939 F2 E. M. = 40011
131 1 195 1 200 1 1301 1 1296 , 4 5

228 1 153 157 1 1196 1 1205 4 9

337 1 124 123 1 1107 1 1102 1 4 5

4 110 123 log ιῙΖ 4 1357 4 00963 F3 Ε, M. 4 4 0012
131 168 1 172 · 1236 1 1231 1 4 5

228 1 130 134 1 1127 ξ 1137 1 4 10

337 106 109 1037 1 1033 1 4 4

4 115 123 log ‚72 4 1347 4 01063 Fz Ε. M. = 40021
131 16.1 t 165 1 1217 1 1208 1 4 9

229 119 ’ 122 ; 1086 1103 ξ 4 17

338 1 96 1 99 j 0996 0988 1 4 8

Nova. Acta Reg. Soc. So. Ups., Ser. 4, Vol. 3, N⁴ 6. Impr. ⁸s'5 1913. S

 

