DER KOLLOIDE SCHWEFEL. 47

Η161665 6181111 51611 2611661151, (1655, 16115 616 1166161611 561111161118
16116611, 616 161616 86111161611116686 861111861 151 615 bei 611165 1116111
866165518161 1316616166. Die [11566116 11161166 6111116 1611116156 (161111
211 56611611 56111, 6655 861111*6161116556151611 26 66111111 615166 1116616111
6611161611666611 665611 8611611, 11616116 161186111111·1 1161666, 666 65 (161161
1111· (116 11611616 Oxydation verloren 86111. Dies 6111116 ι1666611 616111 (116
6162186 [11566116 56111, (161111 65 116166 66611111 5116161611 1161566666, 116 616-
561 ’11611651 11116186 61166161· 1161511611561161666118611 56111 66116116611111611
1161, 86166666, 6655 bei Versehleehterung 661 616 Κ611616111166118 16166111-
6611 Β661118668611 66611 (116 Γ11616111161186 (165 8661166166 8661161615 61)-
61611111. Ε111 Τ611 616565 61115611111]11611(166 86111161615 1161111661 51611 111
666 1165668611, 11616116 266151 661611 Ζ61111116816166 1611 >>1111165116116111>>
8611116161 11116 (16611 (161611 Τ61611166861611611 1611 66111 1161161666 8611116161
11611611 11161666, 1161115611611111611 111 Form 1611 Ρ61ι1111116656111611, 11616116
51611 61111161111611 111 861111’6161(116Χ)’(1 6116 8611116161 2615612611, 1161161 1612-
16161 615 >>6111651161161>> 8611116161 66516111, 1165 51615 bei 1611861616 Auf-
bewahren dieser Lesungen 6666666161 116166. [1655 661 8611116161 111
diesen L65u11gen 11161111 111 66556151116611 6151161561 14161111 1611166661,
86111 661665 11611161, (1655 611611 616 1616115115166 Κ668616161611, wie
BaCL„ 665 561166 111 0,(162-1161616161 1161126611611611 (116 8616 6668611611,
11161 16 11611161 Κ6626611611611 61116 Τ11166118 11611161161611.

136116611161 11166 5666611 (116 11161186 (165 8661166166 1161161666
861111761615 16 (1611 17615611166611611 F³<illen5 56 516111 11166, 6655 6111 16118-
5611165 Ζ6561266 661 (116 Kolloidbildung 16166166 6161111111. Fernel‘ 61-
gibt 51611, 6655, 6111 8111151186 1165611616 26 61216166, (116 86616 1116111 261
Τ11165611611656118 268656121 1161666 6611 (1161511611 1), 56116611] (116 Τ1116-
561161165668 2111 861116, 1165 1111 Ε111111668 11111 661 folgenden 1161566115-
56116 (16(1111611 176151611611611 11116, 6655 616 1111 6151611 1116616616 26-
86561216 86616 1616116111 11116 11116 66661611 11661861 1161161666 8611116-
161 1161611.

Α116161685 6611 661 Ζ65612 1116111 611211 1611856111 61161866, 50 6655
der anf-ange 8616116616 66116166 8611116161 51611 16118616 Ζ611 11111 (161 11611-
266111611611 86616 111 136111111668 1161111661, (16611 111 (11656111 Faue 61161661
(161 8611116616 66116166 8611116161 5611611661 irreversible Ζ651611656666-
166866, 11616116 616 Α6566616 116111111166111.

¹ Wie 65 W. Spring 1111 616 Ρ66161111611511616 6661111161 loc. eit. (516116 S. 35, Anm. 1).

