F. LINDHOLM‚

 

— 35

 

÷1O

÷17

 

28

53

53

 

M!

126
137
1.80
236
284

126
137
1.8Ο
236
284

126
137
1.80
236
285

126
1.40
190
247
295

126
137
180
237
285

126
1.40
1.91
247
295

126
138
1.80
237

286 >

 

1ος J2 Ξ 1014 - 00770 F2

514
533
456
44.9
395

272

COl‘l‘.

528
456
442

512
389

log Jz

1 obs.

1709
1,723
1659
1645
1590

log Jz z 1.788 — 0.0779 Fz

484
502
427
420
37.1

log Jz

442
454
385
376
329

1οἓ Jz

1009
996
910
840
73.1

log Jz

3510
3645
305
291
247

log Jz

798
786
69.ss
635
545

log Jz

30,1
315
265
247
225

 

 

 

 

482 1683
496 1697
427 1630
414 1617
366 1563
=1.754 — 00841 F:
440 1643
450 1653
385 1585
370 1568
324 1511
z 2112 - 00829 Fz
1005 2002
989 1.995
910 1.959
827 1.918
720 1857 ι
:1679 — O.1003 Fz
348 1542
362 1559
305 1.484
28.7 1.458
243 1386
= 2029 - 00980 Fz
795 1.900
780 1892
698 1844
626 1.797
533 1.731
= 1600 — 00899 Fz
30.0 1.477
313 1.496
265 1.423
243 1386
222 1346

1

l

 

calc.

 

E. M. =

1.7 17
1508
1675
1632
1595

Ε. M:

1690
1681
1648
1604
1567

11

Ε. Μ.

1648
1639
1603

 

1556
1514

Ε. M. =

2008
1.996
1.955
1.908
1868

Ε. M.

1553
1542
1.499
1.442
1394

Ε, Μ.Ξ

1.905
1891
1841
1787
1740

E. M. =

1.486
1.475
1.438
1386

11

 

1342

 

