L’ExpssmeN FRANCO-SUEDOISE DE SONDAGES AE'ROENS 616. 13

borg 1161 101165 11165510115, 16 29 111615 1908, 61 1161 1165565 11165510115,
16 31 111615 1908. (ΡΙ. IV).

Dans 66 (1166161111116, 601111116 (16115 165 5111ν61115,165 6111161165 50111
11011665 611 6115615565 61 165 1611111616111165 611 01’(101111665; 16 60111116 116666
(1011116 165 1611111616111165 511666551ν65 aux (111161611165 6111111065, 111011116111
165 ν6116110115 (16 661 6161116111.

Lancers faits eu Myer. 116 661661616 (111 16111115 6 616 6556Ζ (111-
1616111 11611(16111 165 deux 561165 (16 16116615 161165 6 Κ1111116 611 111161.

En 1907, 16 56116 6 611 11611 611 60111111611661116111 (111 11111116111115, 16
161111161611116 61611 1”616111’61116111 (101166, 61 16 1116551011 11611 616166 611
moyenne.

⁴ En 1908, 611 6011116116, 165 16116615 11116111 16115 616 fin (161111161.
116 161111161611116 61611 611 66116161 froid& 61 16 116101116116111115 616ν6ς
611551 66116 56116 (1011-6116 1116566161 16 661661616 luvel-nal beaucoup
plus 1161.

1165 1611111616111165 611 501 50111 beaucoup 111115 1165565 611 1908
(111’611 1907, 111615 16 (11116161166 ι5’611611116 6166 16 1161116111. 116 1111111611
(165 116110115 1611665 611 1908 1116561116111 (1611161115 11116 011 111115161115 111-
1161510115, (1116161161015 1165 3161106551, (16115 165 regions 1165565. 1161116-
511116 (1116, (1616 6 5000 111., 165 (111161611665 50111 16111165 (111116 56116 6
Γ611116 61 111115 11611165 (1116 661165 (1116 Fon 16116011116 (16115 11116 11161116
56116 611116 (165 656611510115 (111161611165. 061161106111 165 1611111616111165
11111111116 6116111165 611 1908 50111 611 86116161 111115 1165565 (1116 661165 (16
1907, 111615 11 651 1161 (1116 16 51161051111616 56 1611606116 11165(11ι6 1011-
101115 6 11116 altitude 111115 616166 (1011 ΡΙ. V-YH, Pl. ΙΙ, Pl. 111).

Lancers fecit-3 en aste* 116 56116 (16 16116615 (1616, 611 1909, 6 616
16116 110111 56 rendre compte 5’11 y avait quelque (11116161166 fondamen-
1616 611116 16 fin (16 1’111ν61, 11611006 011 16 501 6 616 longtomps 1165
froid 61 6011116111 (16 116136, 61 16 1111 (16 1616, 11611006 011 16 561 6 616
1616111761116111 611611(1 61 011 165 601161165 1111611611165 (16 1’61111051111616 0111
616 1165 1161111065. ’

1165 1651111615 116 561111116111 1165 111(11(11161 11116 (11116161166 116111161116
611116 1Ἰ1ἰν61 61 seit& (16115165 11611165 16ς10115 (16161111051111616. 116
51161051111616, 11 651 1161, 651, 611 66116161, 111115 1161116 61 6611611(16111 (16

¹ Une (16 665 1111161510115 61161111 100 (—22¹<’‚-2 6 500 111. et „0⁰3 6 1000 111.) 16 7
mars 1908 6 51113 6. m.

