EXTINCTION DANS L⁷ATMOSPHERE TERRESTRE. 79

 

 

 

A
⁹ 1
1

6
1
5 ἱ
2
5
2

 

d 1 s 1 F2 1 J2 1 egr} ³ 1οἕ .J² ³ diff.
1 1 1 “ , obs. 1 calc. 1
4 29 28 log 2 = 2630 4 01589 Fz E. M. = ss0.01⁶2
128 688 ’ 678 1831 1827 1 4 4
142 1 634 1 625 1 1796 1 1805 1 4 9
269 . 526 X 513 1710 1698 4 12
245 1 437 , 43.1 1634 , 1641 4 7
- 165 28 log J2 = 1949 - 01768 ΕΖ Ε. M. = ss0.00S
128 543 1 536 1 1729 ἰ 1723 2 4
142 496 1 496 1690 1698 1 4
210 387 1 381 1581 1577 “ 4 4
246 331 1 326 1 1513 1514 ζ 4
4 12 28 log J2 = 1903 - 01878 ΕΖ Ε. M. = ss 000
128 1 475 · 46,8 ’ 1670 1 1663 3 4
142 431 424 1627 , 1636 1 - 9
2.ss 330 , 325 1512 , 1507 = 4
, 246 279 j 275 1 1439 1441 1 4
4 65 28 log J2 = 1877 4 02019 Ε5 Ε. M. = ss000
1 128 426 1 426 1 1623 1619 1 4 4
1 142 391 1 385 1 1585 . 1591 1 4 6
211 289 285 1 1455 , 1452 3
1 247 242 1 238 1 1377 1379 1
4 35 28 log J2 = 1847 4 02001 ΕΖ Ε. Μ. = 40606
128 396 ² 396 1 1591 1591 ’ 0
142 j 37.1 1 365 1 1562 1563 ζ - 1
211 273 1 269 1 1430 1425 1 4 5
247 227 1 224 1 1350 1 1353 4 3
4 2 28 log ι12 = 1801 4 02031 ΕΖ Ε M. = 20005
128 1 355 1 356 1 1544 1541 ’ 4 3
142 v 327 322 1 1508 1513 , 4 5
211 212 238 1377 1373 4 4
247 201 ’ 196 1297 1 1299 , 4 2
4 2 53 log αῖς = 2136 4 01973 Εε Ε. M. = ssO-005
1 130 766 ¹ 757 1 1879 1 1880 1 4 1
· 146 72.1 710 3 1351 1848 3 4 3
222 506 492 1 1692 1698 1 4 6
¹ 272 1 407 401 1 1603 1600 1 4 3
4 10 28 Jog Jz = 1723 4 02154 F2 E. M. = ssOfflO
1 128 1 286 1 282 1450 1 1446 4 4
1 142 1 266 256 1 1408 1 1416 1 4 8
1 212 191 188 1274 1 1265 1 4 9
1 248 154 152 1 1182 1 1188 ¹ — 6

 

8 ,

 

 

