 

 

 

 

 

 

 

66 F. LINDHOLM,
d y s J Ε Ι J2 ἱ ΟζζΓ ι 1Οὲ J² diff.
· obs. calc.
4 10 28 10g 212 = 1694 - 01122 F2 E. M. = 4 0007
126 355 357 1553 1553 0
131 350 352 1547 1547 0
175 309 310 1491 1498 - 7
234 276 277 1442 1432 4 10
339 203 204 ἡ 1310 1313 - 3
4 10 53 log JZ = 2034 - 01095 F2 E. M. = 4 0006
126 , 788 792 1899 1896 4 3
133 780 784 1894 1888 4 6
183 668 672 1827 1834 - 7
251 566 509 1755 1759 - 4
374 422 424 1627 1624 4 3
4 17 28 log Jz 2 1629 - 01092 1³2 Ε. M. = 4 0007
126 309 1 310 1491 1491 0
131 305 306 1486 1486 0
175 269 270 1431 1438 - 7
235 240 24,1 1382 1373 4 9
339 179 ¹ 180 1255 1258 4 3
417 53 log JZ = 1974 - 01122 ΡΖ Ε, M. = 4 0009
126 67.9 683 1834 1832 4 2
133 677 681 1833 1825 4 8
183 577 580 1763 1769 - 6
251 480 482 1683 1692 - 9
375 360 362 1559 1552 4 7
4 20 28 log JZ = 1590 - 01159 ΡΖ Ε. M. = 4 0007
’ 126 281 282 1450 1444 4 6
131 209 210 1431 1438 - 7
175 241 242 1384 1387 - 3
235 211 212 ⁴ 1326 1318 4 8
340 155 156 . 1193 1195 - 2
4 20 53 log Jz = 1935 - 01188 112 Ε. M. = ‡0.004
126 607 610 1785 1785 0
133 602 605 1782 1777 4 5
183 513 515 1712 1717 - 5
251 431 433 1636 1636 0
375 309 310 1491 1490 4 1
4 25 28 log JZ = 1534 - 01254 Fz E. M. = sso.006
126 236 237 1375 1376 - 1
131 232 233 1367 , 1370 - 3
235 175 176 1246 1239 4 7
340 126 127 1104 1107 4 3

 

 

 

 

 

 

 

