EXTINCTION DANS L’ATMOSPHERE TERRESTRE. 69

 

 

log Jz

 

 

 

 

 

 

 

 

d 1 s 1 FZ 1 JZ 1 03⁷3 1 diff.
1 obs. 1 calo.
4 60 123 log Jz = 1693 - 0.1720 Fz E. M. = 40004
126 296 1 300 1477 1477 0
134 1 290 1 292 1 1465 1 1463 4 2
167 1 232 = 23 3 1 1367 1 1372 4 5
260 1 176 2 17.7 1 1246 1246 4 2
4 65 123 103 J2 = 1631 4 0.1735 ΡΖ Ε. 111. = 40006
126 1 255 256 1 1406 1 1413 4 5
134 253 254 2 1405 1 1399 4 6
167 201 202 , 1305 , 1307 - 2
201 , 150 15.1 , 1179 1 1179 0
4 65 253 log Jz = 1946 4 01760 Fz Ε. M. 4 40010
126 520 522 1 1716 1 1727 4 9
192 413 415 1616 1611 4 7
266 302 304 1463 1 1477 1 4 6
402 17.1 172 1236 1 1241 3 4 5
4 90 253 log Jz = 1905 - 0.16-20 ΡΖ Ε. Μ. = 40006
126 465 1 467 1669 1 1676 1 4 7
f 192 363 365 1562 1 1555 1 4 7
266 262 263 1420 1417 4 3
402 14.7 146 1170 1173 1 4 3
4100 253 log J = 1616 4 01913 Fz E. M. = 40007
126 366 366 1566 1 1575 1 4 9
1 135 36 5 367 1565 1 1553 ’ 7
192 263 264 1453 1449 ’ 4 4 r
269 196 19.9 1299 1301 4 2
403 110 111 1045 1045 · 0
4 105 253 log J2 = 1744 - 0.1909 Fz E. M. 4 40013
126 310 1 312 1494 j 1504 4 10
135 315 317 1501 1466 415
⁴ 193 236 239 1377 = 1376 4 1
1 2.70 164 165 1217 ³ 1229 412
l 404 95 95 0976 1 0973 4 5
4 110 253 log Jz = 1666 4 0.1931 ΡΖ Ε. M. = 40009
126 ¹ 270 272 1 1435 1 1442 4 7
135 267 26 9 1 1430 1425 4 5
193 202 210 1322 1313 4 9
270 1 142 113 1155 1 1164 4 9
404 ι 61 61 0907 1 0905 4 2

 

 

 

 

