L'EXPssDITION FRANCO-SUEDOISE DE SONDAGES AERIENS eto.

Ballou (ch 22 F6w=5er 1908.

Foroe ascensionnelle 2600 gr.
Un hasson caoutchouo (10 2000 mm. (10 (1101110110.
Retrouv5 p1⁴c3s (10 La'1'nio par wittangi ἐι 80 Km. au SSOE (10 Kiruna.

Poids (10 Γρφιὶρθῐηθηή 710 gr.

41

i = inversion. it = 1501110111110. gr. = gradient augmenta gd = gradient diminue.

 

 

Heure
aur

7h27m OS
-28 42
29 35
30 5
30 33
31 37
32 5
32 41
35 19
37 40
38 35
40 15
42 7
42 19
42 34
44 6
44 58
45 52
46 47
47 9
49 20
51 27
53 24
55 24
57 22
71159Π12ΟΞ
8h 1ffl12⁵

 

 

 

 

Altitudo Pression
500 702
820 673

1000 657
1100 648
1170 642
1330 629
1400 623
1500 615
2000 575
2500 539
2690 525
3000 504
3410 477
3450 474
3500 471
3810 452
4000 441
4200 429
4410 417
4500 412
5000 385
5500 359
6000 335
6500 312
7000 290
7500 270
8000 250

 

’110111ῃὲ-
rature

-181
4142
—141

¹ 4141
, 4143

4144)

1 -131Η

4134
4152
—l7ff
4185
4183
41841
418.3ῑ1;
—183
—17fli
—191J
—20.11t
4202
4204
-236
-274
—3L0
—341
4379
4420
4·46.1

Iffieure
aur

 

Sl] 2111523
4 35
6 23 4
8 5·
9 28
10 6Ἰ
10 50 ³
12 23
13 53 1
14 51 ,
15 401
17 34 1
19 27 1
21 24
23 26 1
25 25
27 41
23 36 =
30 14
32 7
33 45
35 37
37 19 ¹
38 45
10 8
41. 31

 

Altitude

8500

9000

9500 j
10000 ¹
10500

10750
11000
11500
12000
12260
12500
13000
13500
14000
14500
15000

15500

16000

16500

17000

17500 ξ
18000

13500
19000
19500
19970

 

Pression

232
215
198
183
169
162
155
143
131
126
121
112
103
95
87
80
74
68
63
58
53
49
45
41
38
35

ΤοΠ113013111110 minima (—710.6) ἐι 18900 m. 0, la descente.

Le baromcatre est corrig& (10 la tempfflssture.

Nova Acta Reg. Soc. Se. ΠΡΞ.1 Ser. 4, Vol. 3, N. 7. Impr. ²¹0⁷ 1913.

 

Tempe}
ratum

4500
4537
4576
4615

ξ 4555
¹ -67‚Ogd

467.8
4691
4646
—6382
4641
4640
4641
4641
4652
4057
4659
4664
4674
4584
4691
4695
-700
4705
4708
4710

 

