 

 

 

 

 

 

EXTINCTION DANS L'ATMOSPHERE TERRESTRE. 59

d ,ΕΞ ἶ 'L' 0511. 4 ob* 10ἐξΙιῙΖ calc ν diff·
— 165 28 log J: = 1927 - 00668 Fz E. Μ, = 4 0003
943 571 582 y 1765 y 1.765 0

185 621 634 j 1802 ¹ 1803 -- 1

154 661 613 1828 , 1824 4 4

125 682 695 1 1842 , 1844 - 2

- 19 028 ⁷ log Jz = 1889 — 00735 Fz Ε, Μ. = :k 0007
243 499 1 509 J 1707 A 1704 3 4 3

184 535 η 547 1738 4 1747 1 4 9

153 582 593 1773 = 1770 ξ 4 3

125 608 l 619 1 1792 1 1790 4 2

— 65 28 log J: = 1853 — 00815 F: Ε. M. z ss 0003
’ 243 445 45⁴4 1657 7 1655 ¹ 4 2
184 490 500 1699 1703 1 4 4

153 528 538 A 1731 1 1729 ἶ 4 2

125 554 565 1752 1751 ’ 4 1

— 35 98 log J: = 1830 a 0.0798 Fa E. M. ε ss 0003
243 426 435 1 1638 1 1636 4 2

184 468 478 1 1679 1 1683 3 4 4

153 501 510 = 1708 Ι 1708 1 0

125 529 539 ¹ 1732 2 1730 4 2

4 2 28 log J2 ε 1793 4 00867 F: Ε. M. = 4 0004
243 376 384 1584 “ 1582 4 2

184 419 498 1631 1633 - 2

153 446 454 1657 1661 - 4

125 47.8 v 487 1688 1685 4 3

÷ 10 98 log J: z 1697 — 00928 F: E. M. = ὲ 0099
242 292 298 1474 1472 4 2

184 335 3412 1534 1526 4 8

153 332 338 1529 1555 - 26

125 386 394 1596 1580 , 4 16

4 17 28 log J: = 1665 4 01045 F: E. M. = 4 0004
242 253 ³ 258 1412 1412 0

184 294 300 1477 1473 4 4

153 311 317 1501 1505 , - 4

125 337 1 34.3 1535 1535 0

÷ 17 53 j log J2 = 9013 - 01045 F2 E. M. = :1: 0003
927 583 y 595 1775 1776 - 1

177 664 677 1831 1828 4 3

148 701 714 1854 1858 — 3

126 748 763 1883 1881 4 2

 

 

 

 

