52 F. LINDHOLM‚

 

 

 

 

 

 

d y s 1 Fz 4 J2 1 0371 ῗΥ 1 1Οὲ J² diff.
· obS. eale.

4 45 53 log Jz = 1740 - 00867 Fz E. M. = 40007
136 409 1 438 1 1631 1631 0

143 398 ¹ 419 1 1633 1617 4 5

336 331 W 344 1 1537 1545 4 8

367 ⁴ 356 Ε 26.6 ἶ 1435 , 1433 4 3

4 50 53 log Jz = 1696 - 00977 Fz Ε. M. = 40005
136 355 4 373 1 1571 1573 - 3

143 347 1 365 1 1563 ¹ 1557 4 5

336 383 395 1410 ¹ 1475 - 5

368 310 1 318 ’ 1338 1336 4 3

4 55 53 log JZ = 1639 - 00936 Fz Ε. M. = 40007
136 311 3 335 · 1513 1511 , 4 1

143 301 317 1501 1496 4 5

336 347 357 1410 1418 s - 8

368 18.7 194 1388 1385 ¹ 4 3

4 60 53 10g J2 = 1596 - 00989 Fz EjM. = 40004
136 383 ’ 395 1470 1471 - 1

143 37,3 387 1458 1455 4 3

336 335 ν 334 1369 1373 - 4

369 165 17.1 1333 1331 4 3

4 65 53 10g εῙΖ = 1526 = O.1006 F2 F M. = 40013
136 1 343 354 1405 1400 4 5

143 Σ 333 ³ 344 1387 1383 4 4

337 2 185 133 1383 1398 - 15

369 1 140 145 1161 1156 4 5

4 70 53 log J2 = 1491 - 01074 Fz E. M. = 40004
136 τ 315 335 1353 1356 - 4

143 ¹ 309 330 ¹ 1343 · 1339 4 3

337 17.1 178 1350 1348 4 3

370 119 134 1093 1094 — 1

4 70 133 log Jz = 1909 - 01156 Fz Ε. M. = 40005
143 539 557 1746 1744 4 3

330 418 436 1639 1643 - 4

380 ¹ 385 396 1471 1470 4 1

4 75 133 log Jz = 1836 4 01185 Fz Ε. Μ- 10010
143 447 ’ 470 1673 1667 4 5

330 346 1 360 1556 1564 - 8

380 336 1 345 , 1389 1385 4 4

 

 

 

 

 

