EXTINCTION DANS L'ATMOSPHssRE TERRESTRE. 75

 

 

 

 

 

 

 

 

 

 

 

 

d ἱ s ν J} y τ ¹ 2⁷2 ι 10g J„ ἱ 4111
ι ² 001'1'· obs. Ι calc. ’
4 55 123 10g αἱ 41967 4 01416 Fz Ε. Μ. 4 40011
ι 127 606 603 J 1760 1767 1 4 7
l 142 566 563 1766 1766 0
195 495 495 1695 1691
256 421 414 1617 1604 4 13
307 337 332 1521 1532 4 11
4 60 53 log Jz 4 1534 4 01550 Fz Ε. Μ. 4 40007
l 127 216 215 1332 1337 4 5
142 209 207 1316 1314 1 4 2
194 172 172 1236 1234 4 2
250 145 143 1155 1147 , 4 6
299 116 116 1064 1071 4 7
4 60 123 log Jz = 1919 - 0.1464 ΓΖ Ε. M. 4 40010
127 532 530 1724 1733 4 9
142 524 520 1716 1711 4 5
195 434 434 1637 1634 4 3
256 363 356 1554 1544 4 10
3,07 293 269 1461 1470 4 9
4 65 53 log JZ = 1450 4 01439 1³2 E. M. 4 40007
127 162 161 1256 f 1267 4 9
142 130 179 1253 1246 4 7
194 149 149 1173 f 1.171 4 2
251 125 123 1090 1069 4 1
299 105 104 1017 1020 - 3
4 65 123 10g ΔΖ 4 1665 4 01525 Fz Ε, Μ. 4 40010
127 400 456 ῑ 1661 ’ 1671 4 10
142 453 449 , 1652 1646 4 4
196 374 374 ἦ 1573 1566 4 7
266 309 304 , 1463 1474 4 9
303 247 243 1 1366 1395 4 9
4 70 123 log αἱ = 1607 4 01555 Fz Ε. M. 4 40009
127 400 396 1 1600 1609 4 9
143 390 366 1569 1565 4 4
196 321 32,1 1507 1502 4 5
266 266 261 1417 1409 4 6
306 212 209 1320 1326 - 6
4 75 123 Jog Jz = 17414 01526 Fz E. M. = 40013
127 346 345 1536 1547 4 9
143 339 336 1526 1523 4 3
196 276 276 1444 1442 4 2
257 235 232 1365 1349 4 16
303 16.4 161 1256 1271 4 13

 

 

 

 

 

44.

 

