 

 

 

 

00 F. LINDHOLM,
d s F2 J2 ἲ 0313„ ι ὡς 1ng [J calc diff
4 90 98 log J2 = 1696 - 01093 F2 Ε. M. = ssoooo
949 996 930 ἱ 1369 ’1 1369 0
184 901 906 1495 1495 0
153 989 988 1459 k 1459 0
195 303 309 1490 Ι 1489 4 1
4 90 53 log J: = 1970 - 01081 179 Ε. M. = sso.009
997 591 539 ἡ 1796 1795 4 1
177 588 600 1778 1779 4 1
148 639 644 1309 1810 - 1
196 673 686 1 1836 1834 4 9
4 95 53 log 212 ε 1908 - 01119 179 Ε. M. = ss0-003
996 443 459 1655 1655 0
177 503 513 1710 1710 0
148 538 54⁴8 1739 1 1743 - 4
196 575 589 1770 1767 4 3
4 30 53 log Jz = 1850 4 01150 173 Ε. M. = ss0.004
“ 996 381 391 1599 1590 4 9
177 430 438 1641 1646 - 5
148 47.3 489 1683 1680 4 3
196 497 507 1705 1705 0
4 35 53 log ι7Ξ 2 1799 - 01163 17Ξ Ε. Μ. = sso.0002
996 337 344 1537 1536 4 1
177 381 389 1590 1593 - 3
148 415 494 1697 1697 0
196 449 450 1653 1659 4 1
4 40 53 log 212 = 1769 - 01945 Fz Ε. M. — Ξ- 0003
995 998 304 1483 1489 4 1
177 341 346 1539 1541 - 9
148 374 389 1589 1578 4 4
196 394 409 1604 1605 - 1
4 45 53 log ιῙΖ = 1698 4 01907 F E. M. = ss0-004
995 969 9618 “ 1498 1496 4 9
176 907 303 1481 1486 - 5
147 396 339 1591 1591 0
196 345 359 1547 1546 4 1
4 50 53 log Jz 2 1669 - 01385 F2 E. M. = 40009
994 9914 998 1358 1359 — 1
176 969 967 1497 1495 4 9
147 986 999 1465 1465 0
196 306 319 1494 1495 4 1

 

 

 

 

 

 

