 

 

 

 

 

 

 

 

 

 

 

80 F. LINDHOLM,
g s ΕΖ 1 J2 1 agg„ 1 obs 1⁰g¹J⁸ eam diff.
4 10 53 log ²12 = 2046 - 02134 F2 Ε. Μ = 40006
130 594 1 565 1767 1771 - 4
146 562 553 1743 4 1737 4 6
223 375 1 370 1566 1572 - 4
273 296 294 1466 1466 4 2
4 17 26 log αἱ = 1643 - 02076 F2 Ε. M. = 40014
126 236 1 232 1365 1377 -- 12
143 231 ¹ 226 1356 1346 4 12
212 165 1 163 1212 1203 4 9
246 134 1 132 1121 1126 - 7
4 17 53 log ‚72 = 1990 - 02161 Fz E. M. = 40005
130 513 1 505 1703 1706 ³ 4 3
146 463 z 475 1677 11672 4 5
223 322 1 317 1501 1504 - 3
273 253 1 249 1396 1395 4 1
4 20 26 log αἱ = 1.630-- 02250 F2 E. M. = 40006
126 220 216 1336 1342 4 4
143 207 204 1310 1306 4 2
212 147 145 1161 1153 4 6
249 116 116 1064 1070 - 6
4 20 53 log Jz = 1951 - 02274 172 E. M. = 40009
130 453 446 1649 , 1655 - 6
146 430 424 1627 , 1619 4 6
224 27.7 273 1436 1443 - 7
273 216 215 1332 1329 4 3
4 25 53 log J2 = 1691 - 02369 F2 Ε Μ. = 40009
130 361 375 1574 ’ 1561 - 7
146 361 356 1551 1542 4 9
224 226 225 1352 1 1356 - 4
274 176 173 1236 ’ 1236 4 2
4 30 53 log J2 = 1635 - 02433 Fz Ε. M. = 40012
130 334 329 1517 1519 - 2
146 311 306 1466 1479 4 7
224 192 169 1276 1269 -- 13
274 152 150 1176 1166 4 6
4 35 53 log αἱ 2 1783 — 02496 172 E. M. = 40004
130 269 265 1 1455 ¹ 1456 - 3
146 267 263 1420 1416 4 2
225 170 166 1 1225 1221 4 4
275 126 124 1093 1 1096 - 3

 

 

 

 

 

