 

 

50 H. MAURICE,
Ι -

HeUre ¹ Altitudo, Pression ,ἘρξιΡῶ Ι Heure Altitude Pression Tempe*
pm. ra ure p.m. ratum

6¹1 6²³³3‘2S 3500 485 -24.2 Ι 6¹³48¹¹¹57⁵ 10500 ¹ 167 -65.Ο
10 1 4000 452 -275 51 36 11000 154 ψ643
13 31 , 4500 422 -30.9 53 59 11500 142 -62,4
16 44 5000 393 ἑ34.7 56 11 12000 131 ’ --62.0
19 40 55οΟ 365 -37.9 6¹158¹¹³17⁵ 12500 121 -62-οΡ
22 34 6000 ’ 340 —40.5 7h 0““22Ξ 13000 112 -62.ΟΡ
25 40 6500 316 -44.1 2 22 13500 103 ᾉ62.0
28 47 7000 293 ἡ47.5 4 27 14000 95 ί(32.3
32 2 7500 271 -51.1 6 34 14500 88 -63.2
35 9 8000 251 «4551 8 40 15000 81 -63.5
38 4 8500 232 ---58.9 10 46 15500 75 -63.3
40 56 9000 214 4628 12 42 16000 69 -63.4
43 53 9500 197 -65.7 14 40 16500 63 -63.0
43 38 9860 186 4663 16 38 17000 58 -61.6
46 20 10000 182 -»66.1 17 37 17260 56 -61.0

 

 

 

 

 

Le ba1·om‹‘³,tre est corrig& de la tempe'natuoe.

 

 

 

